6.69
6.72
6.8
6.88
6.96
7.05
7.13
7.21
7.3
7.4
7.49
7.57
7.65
7.72
7.81
7.9
7.99
8.08
8.17
8.26
8.35
8.43
8.51
8.6
8.68
8.78
8.87
8.95
9.06
9.15
9.24
9.34
9.42
9.52
9.6
9.69
9.78
9.87
10.07
10.15
10.23
10.32
10.4
10.48
10.56
10.65
10.73
10.82
10.9
10.99
11.07
11.16
11.24
11.32
11.41
11.49
11.57
11.66
11.75
11.83
11.92
12.0
12.09
12.17
12.26
12.34
12.42
12.5
12.58
12.67
12.75
12.84
12.92
13.0
13.09
13.17
13.26
13.34
13.42
13.5
13.58
13.66
13.74
13.83
13.91
13.99
14.07
14.15
14.23
14.32
14.4
14.48
14.56
14.64
14.72
14.8
14.89
14.97
15.06
15.09
15.11
15.2
15.29
15.37
15.46
15.55
15.64
15.72
15.82
15.91
16.0
16.09
16.18
16.27
16.35
16.44
16.53
16.62
16.71
16.8
16.89
16.98
17.07
17.15
17.26
17.35
17.44
17.53
17.61
17.7
17.79
17.87
17.96
18.05
18.13
18.22
18.31
18.39
18.48
18.57
18.66
18.75
18.83
18.92
19.01
19.1
19.19
19.28
19.37
19.46
19.55
19.64
19.73
19.82
19.91
20.0
20.09
20.18
20.27
20.36
20.44
20.53
20.62
20.7
20.79
20.88
20.96
21.05
21.14
21.23
21.32
21.41
21.5
21.59
21.68
21.76
21.86
21.94
22.03
22.13
22.21
22.3
22.39
22.48
22.57
22.66
22.75
22.84
22.93
23.03
23.12
23.21
23.3
23.39
23.48
23.57
23.66
23.75
23.84
23.93
24.02
24.11
24.2
24.29
24.38
24.47
24.56
24.65
24.75
24.84
24.93
25.02
25.11
25.2
25.29
25.38
25.48
25.57
25.66
25.75
25.84
25.93
26.02
26.11
26.22
26.31
26.41
26.5
26.59
26.68
26.77
26.86
26.95
27.04
27.13
27.22
27.31
27.39
27.48
27.57
27.66
27.74
27.83
27.92
28.01
28.09
28.18
28.27
28.36
28.44
28.53
28.61
28.7
28.78
28.87
28.95
29.04
29.12
29.21
29.29
29.37
29.46
29.54
29.62
29.71
29.79
29.87
29.96
30.04
30.12
30.21
30.29
30.38
30.46
30.54
30.63
30.71
30.79
30.87
30.96
31.04
31.12
31.2
31.28
31.37
31.46
31.54
31.62
31.71
31.79
31.87
31.95
32.04
32.12
32.2
32.28
32.36
32.38
32.47
32.55
32.63
32.71
32.79
32.88
32.96
33.04
33.12
33.2
33.28
33.37
33.45
33.53
33.62
33.7
33.78
33.86
33.94
34.02
34.1
34.18
34.26
34.35
34.43
34.51
34.59
34.68
34.76
34.83
34.91
34.99
35.07
35.15
35.23
35.31
35.38
35.46
35.53
35.61
35.68
35.76
35.84
35.91
35.99
36.07
36.14
36.22
36.3
36.38
36.45
36.53
36.61
36.68
36.76
36.83
36.91
36.98
37.06
37.13
37.21
37.28
37.36
37.43
37.51
37.59
37.66
37.74
37.81
37.89
37.96
38.04
38.11
38.18
38.26
38.33
38.41
38.48
38.56
38.63
38.7
38.78
38.85
38.93
39.0
39.08
39.15
39.22
39.29
39.37
39.44
39.51
39.58
39.66
39.73
39.8
39.88
39.95
40.02
40.09
40.16
40.23
40.31
40.38
40.45
40.52
40.59
40.66
40.74
40.81
40.88
40.95
41.03
41.11
41.18
41.26
41.32
41.39
41.47
41.58
41.67
41.75
41.82
41.88
41.95
42.02
42.09
42.16
42.19
42.25
42.33
42.4
42.47
42.54
42.61
42.68
42.75
42.82
42.88
42.95
43.02
43.09
43.16
43.22
43.3
43.37
43.44
43.5
43.57
43.64
43.71
43.78
43.85
43.92
43.98
44.05
44.12
44.19
44.25
44.32
44.39
44.46
44.53
44.59
44.66
44.73
44.79
44.86
44.93
44.99
45.06
45.13
45.19
45.26
45.32
45.39
45.45
45.52
45.59
45.65
45.72
45.79
45.85
45.92
45.99
46.06
46.12
46.19
46.25
46.32
46.39
46.45
46.52
46.59
46.66
46.72
46.79
46.86
46.92
46.99
47.05
47.12
47.19
47.25
47.32
47.39
47.45
47.52
47.59
47.66
47.72
47.79
47.86
47.92
47.99
48.06
48.12
48.19
48.26
48.33
48.39
48.46
48.52
48.59
48.66
48.72
48.79
48.86
48.93
48.99
49.06
49.13
49.19
49.26
49.33
49.39
49.46
49.53
49.59
49.66
49.73
49.8
49.86
49.93
49.99
50.06
50.12
50.19
50.26
50.32
50.39
50.45
50.52
50.59
50.65
50.72
50.78
50.85
50.92
50.98
51.05
51.12
51.18
51.25
51.31
51.38
51.44
51.51
51.57
51.64
51.71
51.77
51.84
51.91
51.98
52.04
52.11
52.18
52.25
52.31
52.38
52.45
52.51
52.58
52.65
52.71
52.78
52.84
52.91
52.98
53.04
53.11
53.18
53.24
53.31
53.37
53.44
53.5
53.57
53.64
53.7
53.77
53.84
53.9
53.97
54.04
54.1
54.17
54.23
54.3
54.36
54.43
54.49
54.56
54.62
54.69
54.76
54.82
54.89
54.95
55.02
55.09
55.15
55.22
55.28
55.35
55.42
55.48
55.55
55.61
55.68
55.74
55.81
55.88
55.94
56.01
56.08
56.14
56.21
56.27
56.34
56.4
56.47
56.53
56.6
56.67
56.74
56.8
56.87
56.94
57.0
57.07
57.14
57.2
57.27
57.33
57.4
57.46
57.53
57.6
57.66
57.73
57.79
57.86
57.92
57.99
58.05
58.12
58.19
58.26
58.32
58.39
58.45
58.52
58.58
58.65
58.72
58.78
58.84
58.92
58.98
59.05
59.12
59.19
59.25
59.32
59.38
59.45
59.51
59.58
59.65
59.71
59.78
59.85
59.91
59.98
60.05
60.11
60.18
60.25
60.31
60.38
60.45
60.52
60.58
60.65
60.71
60.78
60.84
60.91
60.97
61.03
61.1
61.17
61.23
61.3
61.36
61.43
61.49
61.56
61.63
61.69
61.76
61.83
61.89
61.96
62.02
62.09
62.15
62.22
62.28
62.35
62.41
62.48
62.55
62.61
62.68
62.74
62.81
62.88
62.94
63.01
63.08
63.15
63.21
63.28
63.34
63.41
63.47
63.54
63.61
63.67
63.74
63.81
63.87
63.94
64.0
64.07
64.14
64.2
64.27
64.33
64.4
64.47
64.53
64.6
64.66
64.73
64.79
64.86
64.93
64.99
65.05
65.12
65.18
65.25
65.32
65.39
65.45
65.52
65.58
65.65
65.71
65.78
65.84
65.91
65.98
66.04
66.11
66.18
66.24
66.31
66.38
66.45
66.51
66.58
66.64
66.71
66.77
66.84
66.9
66.97
67.04
67.1
67.17
67.23
67.3
67.36
67.43
67.5
67.57
67.63
67.7
67.76
67.83
67.9
67.96
68.03
68.09
68.16
68.22
68.29
68.35
68.42
68.48
68.55
68.61
68.68
68.74
68.81
68.87
68.94
69.0
69.07
69.14
69.2
69.26
69.33
69.4
69.47
69.54
69.6
69.67
69.73
69.8
69.87
69.93
70.0
70.07
70.13
70.2
70.26
70.33
70.39
70.46
70.53
70.59
70.66
70.72
70.79
70.86
70.92
70.99
71.06
71.13
71.2
71.26
71.32
71.39
71.46
71.52
71.59
71.65
71.72
71.79
71.85
71.91
71.98
72.05
72.11
72.18
72.24
72.31
72.37
72.44
72.5
72.57
72.64
72.7
72.77
72.83
72.9
72.96
73.03
73.1
73.16
73.23
73.29
73.36
73.43
73.49
73.56
73.62
73.69
73.75
73.82
73.89
73.95
74.02
74.08
74.15
74.21
74.28
74.35
74.42
74.48
74.55
74.61
74.68
74.75
74.81
74.87
74.94
75.01
75.07
75.14
75.2
75.27
75.34
75.4
75.47
75.53
75.6
75.67
75.73
75.8
75.86
75.93
76.01
76.08
76.14
76.21
76.27
76.34
76.41
76.47
76.53
76.6
76.66
76.73
76.79
76.86
76.92
76.99
77.05
77.12
77.18
77.25
77.31
77.38
77.44
77.51
77.57
77.64
77.7
77.77
77.83
77.9
77.96
78.03
78.09
78.16
78.22
78.29
78.35
78.42
78.48
78.55
78.62
78.69
78.75
78.81
78.88
78.95
79.01
79.07
79.14
79.2
79.27
79.34
79.4
79.47
79.54
79.6
79.67
79.74
79.8
79.87
79.94
80.0
80.07
80.13
80.2
80.26
80.33
80.39
80.46
80.52
80.59
80.66
80.72
80.78
80.85
80.91
80.98
81.04
81.11
81.17
81.24
81.3
81.36
81.43
81.5
81.56
81.64
81.71
81.77
81.84
81.9
81.97
82.03
82.1
82.16
82.22
82.29
82.35
82.42
82.48
82.55
82.61
82.67
82.74
82.8
82.87
82.93
83.0
83.06
83.13
83.19
83.25
83.31
83.38
83.44
83.5
83.57
83.63
83.7
83.76
83.82
83.89
83.95
84.02
84.08
84.14
84.21
84.27
84.34
84.4
84.47
84.53
84.59
84.66
84.72
84.78
84.85
84.91
84.98
85.05
85.12
85.13
85.2
85.27
85.34
85.42
85.49
85.57
85.65
85.72
85.79
85.88
85.89
85.91
85.99
86.01
86.08
86.14
86.21
86.28
86.34
86.41
